1.2304489214
4.8909684325
4.8693842829
4.6000358121
3.4563660331
4.5765025967
3.5466660251
4.5519376954
4.1057825978
4.6859834435
5.1249637078
3.6503075231
5.1132880758
5.2571599913
3.2933625547
4.5351674851
4.1454450361
2.2988530764
5.839743194
3.3556430502
4.6730301277
2.8407332346
3.2417954313
4.0659156682
3.9596613703
3.2727695866
5.0359577753
3.6758699553
3.5137501501
3.1245042248
4.2148173659
3.6318494622
4.038063527
4.038063527
5.5449184284
3.5843312244
4.1004739363
3.4900990051
3.7271344238
4.7011187804
5.3298817413
5.2908978875
5.2993830723
4.6499965075
3.804616417
5.4994767562
4.0213960567
2.4313637642
3.475816413
2.2922560714
4.3009648466
3.8341662839
3.5096057046
4.6560214986
2.2988530764
3.2844307338
3.2103185198
4.8525714786
5.5035155882
4.652304372
4.8240672295
4.2495163158
3.3281756614
4.4454485143
5.6576542693
4.5179608494
4.4096119308
5.0199176448
5.5600992033
4.5244740155
4.8693842829
5.0480920518
3.3692158574
2.1731862684
2.0492180227
4.5651509726
2.5276299009
4.5765025967
5.6326678082
3.8516863154
5.1708628557
4.3107145487
2.0043213738
4.6957705263
4.6866630767
4.3714188521
5.452369196
2.3692158574
3.0362295441
6.1411941386
2.6283889301
5.4447066685
4.5394399504
3.9715541534
3.1835545336
4.5224442335
5.5044667846
4.3871049497
4.1519823955
2.6063813651
3.9370161075
6.6238081365
4.3168506299
3.6524397476
6.1564267806
3.1553360375
4.39981212
3.4065401804
4.9993611174
4.8525714786
4.043755127
5.3676745353
4.6789188015
3.5825178836
4.710345881
5.402849217
4.5220789074
3.302114377
4.3570959251
4.0934567075
4.2619761914
4.3679333537
3.9399184204
5.1561037257
4.2591875829
4.5716739006
4.4640272861
4.3385361734
4.5179608494
4.9891204121
4.4533642138
4.7233817782
4.9278321329
4.4112323715
3.4577305482
4.6776160765
4.4258927241
4.5416166815
6.1104654641
2.2380461031
3.1280760127
5.6892129307
3.8311015645
5.4857640023
4.4217519566
4.7580939833
2.492760389
2.1643528558
4.0858255335
5.4631655712
2.7201593034
3.6500159525
2.428134794
2.4563660331
5.0548619175
4.2432613427
4.296292151
5.0017034323
4.7473962693
4.1051012445
3.9973863844
4.4844564419
2.1613680022
5.4838168633
6.0833936742
3.9211139738
3.1855421549
4.6182155033
4.2670778167
3.4681995861
3.712902125
6.2958504534
3.9472376079
3.1082266564
4.2041199827
4.8904489648
3.1652443261
3.5220528009
3.337658891
4.2619761914
3.4752352226
4.9883270334
3.712902125
4.7286621434
3.8916489439
5.139586311
3.7873187566
3.948901761
4.0926855629
4.496029699
4.8162877107
4.5170110525
5.5391162629
4.6460702797
5.5864488934
3.871105701
4.3391929741
4.5051092613
3.3953263931
3.7394141027
3.9725730809
4.0699269688
3.6204483847
4.7674972284
4.4454485143
5.0070902928
4.548549101
5.114791069
1.6720978579
4.0276349658
2.53529412
3.5013331786
2.882524538
2.965201701
6.1657771453
5.2277222069
2.9201233263
2.1139433523
3.0220157398
2.3424226808
2.7242758696
4.7659962006
2.5682017241
3.3113299523
3.4892551684
3.0989896394
3.2659963705
3.5664374922
3.0813473078
3.8972971221
3.4774106879
4.8623520498
3.6058435391
4.6059941975
4.636166821
2.8987251816
3.1338581252
5.839743194
4.1965906541
4.1923165047
4.2600236607
5.4701060547
3.7921114091
5.3390577146
4.7117144572
4.6877251074
4.2226904647
5.3972724195
5.1910344062
1.3802112417
3.0195316845
1.7781512504
6.478705563
2.3283796034
2.2095150145
4.865725643
3.5727554652
6.0561128756
5.5330752054
3.3174364965
5.4006191422
5.839743194
3.1119342763
4.3519701444
4.537894618
4.7280939394
3.584783379
4.5810161565
5.432849082
2.0043213738
4.4207806195
2.8591382973
5.4731014082
5.4007934831
3.3942765268
2.8555191557
5.7623228817
4.4961821293
3.0378247506
2.206825876
2.9518230353
5.5788087694
2.611723308
2.3765769571
2.8727388275
4.4458687466
5.4400538133
4.3519701444
3.1746411927
2.9790929006
3.1634595518
5.0221478245
3.5814945423
3.6959192528
4.0961797847
4.4208465416
3.922569769
6.0688623885
4.0785655593
4.2718416065
2.9786369484
4.7224940704
5.0864416981
1.591064607
5.1441225556
5.0040719053
2.278753601
2.7951845897
4.865725643
4.151400498
5.8903545001
2.7817553747
3.3830969299
3.0362295441
3.0199466817
3.4931791207
2.6283889301
4.3871049497
6.7438091992
5.5105275845
4.6038910202
5.4817635725
2.6946051989
3.0944711286
3.9610887198
4.3938207953
3.3762118503
3.169968174
4.9991479475
6.4009320429
2.4623979979
3.7956715059
3.4992745819
4.4309453532
5.0070902928
5.5685185261
5.6047766745
4.4401846541
4.3985128994
4.643255225
5.1344926695
6.0544464282
4.4678152154
2.3692158574
6.6175043127
4.6571993185
3.6219029609
5.0111134963
4.3714188521
5.8903545001
2.6053050461
6.1411941386
2.2095150145
2.9385197252
5.4817635725
4.020651268
4.4273562558
3.5337720584
3.197004728
2.9211660506
5.3647873073
3.3951515915
5.2222429101
5.462559705
5.0187628928
4.1690569327
4.6027001037
4.1317790094
4.5872955495
4.4706456579
5.1264496217
2.123851641
3.2605483726
5.5639293876
1.6720978579
5.0537274783
5.2569028708
5.4071171532
3.5466660251
2.6928469193
6.4778293011
4.147336174
5.5036122998
5.9982754716
4.7377252415
2.9122220565
2.3443922737
3.041787319
5.2203827055
6.1411941386
2.2253092817
4.8005177519
4.9232336535
2.6283889301
4.164769103
3.5494937132
3.5751878449
5.1469121596
3.9852018584
2.9969492485
2.6946051989
4.6368989275
3.9925976961
3.1646502159
3.6809697185
5.225890537
3.7613263224
4.1780267883
5.6487823887
5.1097269983
3.7960884287
4.6957792764
2.678518379
5.0318647387
4.199782594
5.0405588294
4.8234351018
5.0221478245
3.9501213475
3.8431704645
4.0733150206
3.8329557506
4.2645581128
5.197773857
3.6917885244
4.5649263263
6.4714334205
4.8870262128
3.9337908841
4.0076624465
4.8882469083
6.4880387087
3.9894498177
4.776701184
4.9734465273
5.2373501726
4.8129133566
6.3411259571
3.3500540936
4.116773727
5.0187628928
3.825620825
1.3010299957
4.827259393
2.6821450764
5.4112087835
5.6551182569
3.4183012913
3.8730298121
4.5642398442
4.7201096669
2.6273658566
5.8012740198
4.6931991452
4.294223659
4.2001936371
4.4693064454
3.3184807252
3.3356584523
4.5455792386
4.124895305
2.8870543781
2.8870543781
4.845432938
4.0855759697
4.8685268868
4.3871049497
4.3871049497
4.3871049497
4.6373195808
2.5843312244
4.0835026198
2.8651039746
5.9060315763
6.4144227814
4.9993611174
4.4259578748
2.6711728427
4.4063187189
3.1858253596
4.3232727312
4.652304372
4.2838437578
4.4869261276
5.2664198659
3.9617532142
3.6092741724
4.3228599234
2.7781512504
2.9951962916
4.7012311251
4.2465232
3.3919930723
4.6885710868
5.5555406111
5.8358991096
5.5795721123
4.3791967038
4.4099500216
4.4118216564
4.4285235404
4.8933122594
5.2072114446
5.0653556013
5.8679669044
2.6232492904
3.8479426388
5.0864416981
5.6892129307
1.079181246
5.416981486
5.1222584862
5.2631198153
4.603653098
2.9253120915
4.9414468303
4.2842276396
1.982271233
1.982271233
3.2898118391
2.3443922737
3.6437486855
4.5068431363
4.0549958615
5.7618722331
4.3571531758
4.524967016
3.4480876667
4.0405232264
5.5035155882
4.0272680425
4.1757147073
2.7715874809
3.0603200287
5.1231064973
5.8811957176
4.6293994043
3.5952757118
4.4916277928
1.6532125138
1.6532125138
1.6532125138
1.6532125138
3.1408221801
3.8614746689
2.1367205672
2.0644579892
4.3042750505
4.4651150531
2.2833012287
2.0043213738
4.068111617
4.4298168543
4.4448096052
4.8398738229
2.5289167003
2.8208579894
4.643758549
4.087390945
2.5646660643
3.6611498572
3.0182843084
4.2833012287
5.0643231873
3.7427251313
4.1361178429
3.017867719
5.1118805735
3.7315887652
3.56431091
4.101678351
3.1824146524
3.1824146524
3.4179696422
5.5068485439
6.4262592324
3.7307015443
4.0288558094
4.283572578
3.6977522742
3.6939027411
3.8864343196
4.6172415488
5.7363941117
4.4247673336
4.8190501385
5.9587157881
4.3876745163
1.9956351946
1.9956351946
4.5309676816
4.2409733518
4.6468740389
5.9119077837
4.763697472
4.5563628153
2.0644579892
4.4047995189
6.1620010116
2.4265112614
4.4973858325
4.545133859
5.5759587261
4.3545885879
3.285557309
2.5440680444
4.3469199258
5.4994767562
3.8996016591
2.3242824553
2.8325089127
2.8325089127
2.9211660506
4.2559957267
4.2795072476
4.273232834
2.9845273133
5.8455680645
7.0530284007
3.6388884247
3.5264685125
2.4456042033
3.1646502159
3.8067225031
2.9095560292
3.2521245525
3.694868328
3.8639767839
3.9002578584
4.525316966
4.2220397972
4.057628073
5.3647873073
3.5740312677
3.50242712
4.4513258085
7.0484041216
3.452093249
4.2811015757
4.3240971717
5.0544789924
4.7820567637
4.3544926006
5.7545554937
4.8151392482
5.398077224
5.2663987009
5.6264553427
4.1916186634
4.3743450162
4.6957792764
3.7956715059
5.3866844152
4.0664377465
2.959518377
5.2628780547
1.8976270913
4.7549901278
1.7242758696
1.9444826722
1.9444826722
1.5797835966
1.9344984512
2.5693739096
2.4456042033
2.4828735836
2.4828735836
2.6794278966
6.6175043127
5.8623240249
2.3692158574
4.4448096052
2.7979596437
5.8971309426
5.2066855843
6.8171722775
4.1585132626
6.7774601726
4.6216539507
4.2490025749
6.1657771453
5.2660881629
5.3273262333
2.6946051989
3.4605971889
4.8030061987
4.5091487364
3.1271047984
5.4749530649
3.0644579892
4.6689912702
3.1714339009
3.1625644065
4.1958166583
3.8329557506
3.8784068876
6.0688623885
4.5000305342
5.7545554937
6.1635984323
5.6549414203
1.5185139399
3.4781334281
4.3519701444
3.5301996982
3.6190933306
3.7923916895
4.1071421058
5.1425020927
1.9242792861
2.0043213738
7.0821676228
2.8887409607
4.0261654088
3.3637999455
2.6541765419
2.611723308
5.7804793321
4.5907526939
3.1115985249
5.2507492581
4.2842276396
4.8200963225
2.651278014
4.4849827819
5.0566914613
3.8322533702
5.8903545001
5.8409111774
2.1903316982
5.839743194
6.1657771453
2.9175055096
3.4733409642
2.6946051989
3.5785246053
4.9346246813
4.7076042371
4.4063187189
5.8610837534
4.0744141298
3.1328997699
3.6665179806
3.5301996982
4.6817205063
4.8848859505
3.9025467793
4.0076624465
3.0934216852
5.0864416981
5.6691345688
3.3968964491
1.9444826722
1.9493900066
2.651278014
4.603653098
2.2304489214
5.8971309426
4.3871049497
6.0846281042
3.6568644915
3.1348143703
3.6867256211
5.8811957176
3.4824447919
5.3442841779
4.5413295777
3.8250364412
3.9549657311
4.5133374808
4.2925883125
3.2227164711
3.5420781463
3.2304489214
4.1947362887
5.8679669044
1.4913616938
3.5021538929
4.1583624921
2.1760912591
2.9854264741
5.0157913202
5.2631198153
2.6812412374
3.9809573162
2.4969296481
2.5390760988
2.640481437
4.7459487494
4.51295108
4.4246039913
5.1048420498
5.1492098722
5.8903545001
2.7619278384
2.3443922737
4.8812819206
4.3158234578
2.9717395909
3.5402042998
4.3871049497
4.5000579986
4.1317790094
4.7305723428
2.8188854146
6.1518568941
4.020651268
5.5629907441
3.0457140589
6.4144227814
3.8868290047
3.6848453616
4.6300412114
3.1556396338
3.5673793077
4.6957792764
5.4171294373
4.4623680455
3.7322328802
4.5064238483
3.3829171351
3.8389120274
3.533517862
4.2645581128
3.7091002816
3.8715729355
3.8593184651
3.6470894287
4.2108533653
6.5975652071
4.4305426544
6.4880387087
4.3784160719
6.0688623885
4.6309767529
5.0030035932
5.2663987009
5.6549414203
5.0864416981
1.7923916895
4.4153239827
5.8149457688
4.4727418264
2.45331834
4.5461106217
5.8903545001
2.5809249757
2.3443922737
2.8785217955
5.5637266415
2.723455672
3.1571544399
5.4400538133
4.8832354474
3.2052043639
4.736436344
4.6554073835
4.9760288401
4.1760912591
4.9727858276
5.0239147166
3.7590631882
3.5841049704
2.8369567371
3.2501759481
4.2473839929
5.1778970599
3.694780636
5.7346182357
4.0132165396
4.9880369548
4.1422016902
4.3313260506
5.7137046974
4.4734869701
4.0785655593
4.31866842
7.7022082397
5.2352581913
3.2070955404
3.2132520522
4.6504435225
4.643758549
6.5975652071
4.9938284615
2.206825876
2.0644579892
2.4014005408
2.411619706
2.220108088
6.6175043127
3.9951962916
5.7542152744
3.5247854493
4.2098633827
5.0111134963
4.7432666799
3.7145812088
3.7953237643
4.822828176
4.2983289881
2.2479732664
2.1583624921
2.1583624921
4.3395309387
4.9493070436
2.5477747054
4.0549958615
4.2460059041
3.5937289987
4.4601608708
4.1841517757
3.337858429
2.9190780924
4.2239110869
4.0148144491
4.4873646589
4.7441755904
4.8105349398
5.040329337
4.7298367778
4.31866842
4.5716855446
4.9983814121
6.7944904865
2.0170333393
2.7250945211
2.3909351071
1.531478917
6.1620010116
5.367938938
2.2922560714
3.9836713829
5.7542152744
4.5934079183
4.7870422736
4.5101695317
5.8971309426
2.2922560714
4.2555378262
6.3568288462
6.1411941386
3.5349141044
3.476251796
2.8438554226
3.4577305482
5.0710457379
2.8426092396
3.2545480771
5.3049211619
5.3395965132
5.6483287797
3.4923412533
4.7760325241
3.9076800242
4.2287339084
3.4073909045
3.4073909045
4.0970142312
3.6885088077
3.5182506513
5.0305309094
4.5649263263
7.1015596409
5.5795721123
4.9938284615
4.6552633246
5.066270004
3.3430144972
1.6532125138
1.7403626895
2.1789769473
5.8149457688
4.7328037333
2.8426092396
4.1017127138
4.1017127138
5.4694287647
3.4861469968
5.0066670976
6.1420617443
3.8022262377
4.2145259553
4.6446355038
6.409096851
3.7786576319
6.1620010116
4.5651509726
3.0207754882
2.3521825181
5.291528684
4.9414468303
5.4994767562
1.8512583487
4.3871049497
5.3051169592
5.2134779116
5.4838168633
4.4099162244
3.8725641431
5.5035155882
5.1259007184
4.4207311714
3.7495817349
5.2970291432
3.9844823064
3.4415380387
4.752240571
3.7434313651
6.0688623885
4.9278321329
4.8918606888
1.9542425094
2.0043213738
3.6868149545
2.1643528558
2.7363965023
2.6541765419
2.6273658566
5.8971309426
3.5567847823
5.1845097271
2.492760389
2.6730209071
4.4674897128
4.4249959096
4.020651268
4.5183033218
3.5460488664
4.6789188015
3.4900990051
4.5410797678
4.5410797678
2.9623693357
3.292699003
3.3174364965
3.9023836844
4.6293994043
3.6619072928
3.4631461367
4.2811015757
3.7063763558
4.8882469083
3.8826952624
3.8810992184
4.8918606888
1.3424226808
2.1335389084
3.9044450411
2.7535830589
6.4778293011
4.58642976
5.9596832918
5.8971309426
6.1411941386
3.908860173
1.9542425094
2.2095150145
5.6326789384
4.1018501379
4.5308909443
4.9766204689
4.2548379933
3.8329557506
4.8485524171
5.2663987009
2.542825427
2.436162647
2.5224442335
2.492760389
2.5403294748
4.2890089115
2.3636119799
2.6138418219
2.1583624921
2.428134794
2.8750612634
3.2412973871
2.8188854146
2.9232440186
2.6580113967
4.1578796744
2.3926969533
4.0390967104
3.4369573307
3.8028421127
3.0799044677
3.2169572074
4.9749029802
3.5086643631
3.5693739096
4.5295330123
6.4880387087
3.9702538696
4.8129133566
6.481259699
1.806179974
2.2430380487
4.5374916773
2.8767949762
2.2718416065
5.8903545001
2.5809249757
2.2878017299
5.7623228817
2.4132997641
2.8325089127
3.8185557793
6.4144227814
2.3404441148
2.6180480967
2.6180480967
3.5533975101
2.7810369386
4.1765542596
3.6602012014
3.5911759503
3.7883098121
4.7224940704
4.513790065
4.590507462
4.590507462
2.2430380487
6.2302386208
2.3074960379
4.2925883125
6.1518568941
2.6009728957
3.1749315935
6.5887033211
4.3027204499
4.2648414253
1.4313637642
2.1643528558
2.1643528558
2.2095150145
2.3654879849
3.3005954839
2.9164539485
3.394101302
3.3306166673
1.8129133566
2.5301996982
2.4031205212
2.414973348
1.6334684556
2.4487063199
2.1643528558
2.1643528558
3.6634182123
2.4132997641
2.7930916002
3.2227164711
3.0366288954
1.9190780924
1.8864907252
2.6190933306
1.6127838567
1.8195439355
1.414973348
2.4983105538
2.4313637642
2.4871383755
3.1300119497
3.4253711664
2.1643528558
1.8195439355
2.1931245984
3.7813963052

